2325104
1798866
828886.9
416021.6
1385331
1429898
813815.6
382914.5
318126
1201616
2106234
1703360
1975213
964529.6
560502.3
1232257
732325.4
452072.8
945961.3
565776.8
299016.6
257541.2
498401.3
277035.8
636998.2
485573.8
393393.1
615065.8
502766.1
383213.1
237769.8
298058.9
1047458
672080.7
713207.9
616628
1031008
618205.8
1138812
1238992
1587825
1208998
2431042
1854765
1281777
734789.6
537409
508654.6
352973.6
371807.9
1731958
759952.3
1192923
865294.5
1120580
1312093
1166171
1024619
504906.7
608859.6
2918216
437981.1
1313939
1107884
1626735
1085076
1762932
1026144
1267967
879402.3
1928033
1355606
807083.2
519968.3
779050.8
580806.9
656161.2
450726.7
347618.3
706688.5
448042.3
317020.1
1988411
784960.9
749490.8
511732.9
373164.8
556010.1
484910.6
552675.4
422631.1
321342.1
301661.4
270955.5
230675.2
247594.5
493678.3
372445.8
315762
500986.8
336702.9
237913
187164.7
173558.4
179590.4
161572.8
289246.8
316400.2
243010.6
350616.8
311888.7
222721.2
166601.2
135891
119265
107696.7
99717.65
404142.7
327688.4
247460.7
183056.5
142563.6
123870.8
178139.8
149970.8
120212.4
114646
102930.8
89417.07
79178.94
72007.49
66732.36
62748.17
59671.17
76197.22
72353.34
63903.92
57349.09
94454.1
87627.98
74562.67
64257.96
57072.85
52022.6
48389.43
45700.33
43561.96
41869.55
40505.15
39263.99
38684.96
37850.31
36988.55
36755.54
35962.15
35127.98
45207.01
44346.52
45540.11
47623.74
130747.6
106926.5
73504.49
54005.61
43564.86
37842.37
34599.11
55570.98
52732.03
45215.52
38574.14
34349.93
32154.61
30614.77
29567.08
28866.81
28381.11
28031.22
27794.1
27627.75
27503.78
27406.5
27337.79
27563.58
27643.94
32071.55
31776.51
29566.3
28153.77
27508.2
27278.78
27232.48
27259.69
28139.21
28364.27
27762.21
27347.92
27232.45
27296.64
27443.46
27619.03
27792.81
27964.92
28127.42
27736.13
27442.91
27311.6
27405.23
27594.02
27885.36
28236.18
28593.35
28916.8
29208.33
29470.89
29693.67
28037.16
27831.83
28153.8
28676
28058.75
27320.17
27426.63
27491.3
27256.91
27241.15
27293.87
27526.85
28003.83
28352.24
27602.66
29060.19
28064.22
29580.77
27651.52
27307.15
28154.32
29198.71
30166.01
30500.18
30480.27
30637.36
30895.88
30941.3
31275.13
31757.05
32261.45
32747.13
33185.37
33575.52
33913.02
34191.87
32350.21
28996.81
28694.71
29528.17
29196.55
28407.78
29220.39
27376.42
27558.32
28834.08
29964.45
31040.27
29058.01
28051.67
28254.72
35927.95
36890.87
28673.4
27270.52
28379.75
29927.75
31465.93
32840.98
33973.32
34591.03
34152.12
32569.2
27358.13
28147.79
28570.91
28514.32
28026.9
28867.23
28570.46
27580.06
27287.74
27232.67
27586.33
28674.25
30072.34
34233.09
32391.85
28185.96
27263.59
28276.33
27238.85
88669.82
55204.84
33632.29
32913.3
657144.9
319266.4
130028.2
90077.47
51192.38
38794.34
30905.55
27552.41
44951.92
38575.62
30550.57
27512.19
27424.67
27276.47
27289.53
27232.41
27620.5
221351.5
149586.8
74461.04
42402.64
30728.95
27458.79
162297
117350
65688.1
48056.16
35593.26
29841.15
63111.3
49573.28
44450.84
117982.3
71255.12
40691.78
72365.54
46529.44
44410.67
58081.21
46352.68
41893.7
68413.38
61132.48
151507.4
489760.1
225546.5
105288.6
54964.93
40563.61
49537.87
62017.66
51220.36
42570.18
36430.09
34991.18
33527.52
32518.71
33399.79
140854.7
332038
266171.8
524064.4
320624.2
169696.3
85367.42
51993.88
53596.2
309449.4
571452.5
976709.4
1132371
1480691
1270457
1197442
1017937
776236.5
362697.2
508225.7
438623.7
454066.5
348149.6
602688.2
358401.1
904300
1149472
804501.4
774798.1
661629.7
916320.5
379094.6
1016122
356263.4
289617
243796.2
289773.8
430488.1
449366.5
743449.2
615172.4
391397.1
221790.7
254825.6
237366
157422.1
113952.7
271530.5
283071.5
223201.6
149410.8
161204.7
261384.4
783456.3
826532.7
1185987
3989002
1399196
2240070
1325236
2002996
1109026
840418.4
1410764
1202278
1041258
939766.4
922058.1
617088.1
792145.1
465546.7
339165.3
222761.1
493640.4
483508.2
548989.8
1171402
2130571
935884.8
1614170
843848.6
657455.4
448007.4
1090260
1244584
1263383
893718.6
605885.4
559746.1
1639007
1021147
967526.8
751850
1533863
1464594
1240221
838713.2
867272.4
895418
362054.1
278001.8
203617.6
213226.3
197591.4
164196.9
140529.1
135241.1
141013.9
252112
220668.4
177670
147337.8
126845.1
112900.3
102785.7
100747
132820.5
130618.7
195485.1
404740.6
547572.2
336333.7
223185.7
157791.3
121804.8
109514.2
95725.25
89708.99
82065.51
74640.53
99501.59
132127.5
106167.4
83681.09
79816.64
129599.4
102565.1
78526.31
88175.98
137570
85292.29
67091.85
56183.51
50097.95
46557.19
44433.02
42791.75
41437.11
40406.71
39410.08
38582.39
38077.66
37056.16
38826.92
38403.84
37317.5
39290.95
37794.98
46836.34
44323.12
39394.09
35810.32
33602.05
32442.85
31577.9
30876.92
30361.76
29934.54
30069.59
29822.27
29430.82
29060.52
28748.73
28493.38
30639.12
30491.25
29549.17
28796.64
28256.18
27885.64
27645.21
27491.8
27394.14
27330.14
27283.25
27252.71
27236.81
27232.41
27239.1
27240.81
27284.86
35465.7
40491.08
124165.3
80373.08
48040.2
34731.37
29647.49
27842.68
27320.14
27232.38
27287.47
27417.74
27464.2
27543.6
27686.45
27870.82
28061.16
28246.07
27889.53
27605.69
27551.2
27691.28
27374.07
27333.48
27481.58
27783.83
28188.76
28608.39
28997.35
29352.9
29661.13
29934.02
30185.07
30401.99
30604.8
30829.4
31020.46
31206.12
31389.38
31587.86
31797.47
31784.34
29392.59
28401.07
28232.02
27279.39
27305.08
27472.87
27341.66
27303.23
27980.19
29057.54
30158.75
28472.19
28429.03
28711.58
28648.56
28378.4
28742.38
29679.66
30810.55
31821.39
32347.44
32935.19
33162.21
33479.72
32864.34
33711.62
35732.92
29704.45
27346.02
27291.38
27665.79
27640.52
27958.21
28725.66
29617.8
30575.19
31451.77
32263.35
31869.01
29614.04
28685.79
28630.32
28148.25
29673.39
30182.67
35336.72
29976.15
30007.78
27924.04
27392.97
38620.89
36339.71
31562.61
30387.73
28411.08
27423.98
27286.77
28012.51
29023.62
28585.9
29007.3
28443.71
27622.87
27433.82
28943.69
30891.3
31439.43
45142.57
47385.54
35978.76
33149.51
28878.84
27333.76
35703.12
33001.22
46454.82
613289
290882.4
113755.4
65108.7
352253.5
195756.8
95975.16
133686.3
149477.8
91375.95
80467.28
49190.54
35561
131903.6
120841.5
75918.84
48275.02
105348
221781.6
128691.3
148174.6
83746.88
67055.26
51754.17
38928.7
214094.4
155774
86524.28
106116.5
249063.6
245308.5
309435.2
193202.6
113293.7
69059.05
120452.4
94120.37
94023.68
110288.9
110156.4
66821.02
52358.73
47332.02
277725.1
211366.5
121548.7
98442.3
69917.37
102388.6
67025.83
46221.84
717522
645887.1
454000.4
294808.6
175612.8
147718.3
439379.8
254653.3
764646.8
381704.6
260271
1430632
834886.4
843533.6
514395.2
238815.1
390114.8
232355
156718.9
105845.4
153789.8
105663.9
75387.02
62656.52
53169.22
57433.66
469228.7
206762.9
148523.5
169246.9
94900.38
108047.9
152588
146022.9
93244.85
2038672
320388.7
299113.3
379462.5
479029.9
465732.5
328016.4
170284.5
318448.2
802913.9
2004898
3088278
2725446
2807420
1907028
2817061
1595033
1783368
687679.6
763229.9
989104.9
557795.9
319510.4
293603.4
291823.5
288496.5
948242.9
221013.8
590018.6
706901.4
1112148
456223.7
277492.2
2726962
1565356
1481398
845302.4
803370.2
680645.1
1637493
1317071
1420912
1234311
778588.5
585924.2
431972.5
901232.9
443556.7
368791.7
424865.4
837754.9
234239.2
415047
364297.8
792501.3
772680.2
473850.1
345319.8
265201.9
258284.7
196664.3
158229.5
765916.4
3384340
391865.7
1286454
448720.3
419484.8
246535.8
190051.5
197461.5
157623.4
146813
131149.6
172485.4
171567.3
244157.8
316197
397775.4
342483.7
225847.1
162667.9
164843.7
557167.2
366953.6
228767.9
186885.7
138939
110476.5
294781
223240.7
149968
117696.1
94993.16
81068.12
72462.73
71872.74
69440.47
86075.57
141751.3
104469.8
83148.52
69045.12
60288.23
56300.91
52938.92
50186.29
54686.25
52892.05
50752.43
49987.78
47696.84
64204.39
61560.31
53417.53
47246.4
43248.26
47611.45
45967.29
42684.89
39891.64
37835.37
36366.41
36572.12
36103.7
35193.23
34483.29
36449.86
36364.29
38519.73
37123.37
34840.62
33017.13
31741.79
38622.4
40343.66
36705.52
33446.26
31626.96
31331.6
30511.41
29608.58
28892.71
28409.18
28083.58
27858.56
27693.93
27568.15
27475.28
27401.51
27340.76
27297.15
27267.15
27349.17
27332.41
27272.69
27448.61
27486.13
29613.62
29678.44
28440.59
33426.72
31983.91
31171.59
29208.39
28879.27
28636.55
28875.9
28571.43
28202.84
27609.59
27404.42
27250.31
27269.11
30692.06
3.14E+04
3.00E+04
2.83E+04
2.74E+04
2.72E+04
27620.85
30450.44
29960.6
3.11E+04
6.77E+04
5.45E+04
3.88E+04
3.12E+04
2.82E+04
2.73E+04
2.73E+04
2.77E+04
2.81E+04
2.86E+04
2.91E+04
2.94E+04
27962.54
27245.48
27272.14
27554.96
28158.5
28595.69
2.90E+04
2.87E+04
2.98E+04
3.08E+04
28522.85
27326.74
27235.64
27378.79
27617.63
2.74E+04
2.73E+04
2.73E+04
2.72E+04
2.75E+04
2.82E+04
2.86E+04
2.90E+04
2.97E+04
3.04E+04
3.10E+04
3.17E+04
3.24E+04
3.07E+04
3.04E+04
3.02E+04
2.99E+04
2.95E+04
2.90E+04
2.90E+04
29554.29
29813.75
30425.82
30850.99
3.01E+04
2.79E+04
2.74E+04
2.72E+04
3.10E+04
2.98E+04
2.77E+04
27646.84
27239.88
27233.84
32763.53
3.13E+04
2.82E+04
2.85E+04
2.83E+04
2.73E+04
2.76E+04
2.77E+04
2.79E+04
27239
27239.99
27293.96
155197.9
111334.6
75282.5
58865.02
38829.01
31738.13
29563.7
2.76E+04
2.73E+04
2.77E+04
27323.32
27235.66
29144.18
54260.46
4.87E+04
39527.43
36277.98
63202.59
165825.7
97980.24
190401.7
119483
142467.1
97219.8
86635.2
55630.95
44266.74
830737.5
425716.9
165825
83536.64
51904.81
64630.78
53948.71
561913.4
391097.3
2.15E+05
135221.8
89674.21
100538
125863.1
97071.87
157022.2
82264.67
84900.76
58478.23
43860.12
35165.04
31838.12
30996.25
32841.88
39011.83
36678.34
181624.2
180189.8
104575.8
277836.6
165470.2
409861.9
163073.2
476099.6
228904.7
187534.5
106099.9
310759.9
194857.8
123500.1
1047179
1238189
1029987
590574
479676.2
472944.1
912105.9
497106.5
392058.4
208022.4
573970
572505.5
634519.8
212797.1
204811.4
397335.8
830070.9
85367.42
51993.88
53596.2
309449.4
571452.5
976709.4
1132371
1480691
1270457
1197442
1017937
776236.5
362697.2
508225.7
438623.7
454066.5
348149.6
602688.2
358401.1
904300
1149472
804501.4
774798.1
661629.7
916320.5
379094.6
1016122
356263.4
289617
243796.2
289773.8
430488.1
449366.5
743449.2
615172.4
391397.1
221790.7
254825.6
237366
157422.1
113952.7
271530.5
283071.5
223201.6
149410.8
161204.7
261384.4
783456.3
826532.7
1185987
3989002
1399196
2240070
1325236
2002996
1109026
840418.4
1410764
1202278
1041258
939766.4
922058.1
617088.1
792145.1
465546.7
339165.3
222761.1
493640.4
483508.2
548989.8
1171402
2130571
935884.8
1614170
843848.6
657455.4
448007.4
1090260
1244584
1263383
893718.6
605885.4
559746.1
1639007
1021147
967526.8
751850
1533863
1464594
1240221
838713.2
867272.4
895418
362054.1
278001.8
203617.6
213226.3
197591.4
164196.9
140529.1
135241.1
141013.9
252112
220668.4
177670
147337.8
126845.1
112900.3
102785.7
100747
132820.5
130618.7
195485.1
404740.6
547572.2
336333.7
223185.7
157791.3
121804.8
109514.2
95725.25
89708.99
82065.51
74640.53
99501.59
132127.5
106167.4
83681.09
79816.64
129599.4
102565.1
78526.31
88175.98
137570
85292.29
67091.85
56183.51
50097.95
46557.19
44433.02
42791.75
41437.11
40406.71
39410.08
38582.39
38077.66
37056.16
38826.92
38403.84
37317.5
39290.95
37794.98
46836.34
44323.12
39394.09
35810.32
33602.05
32442.85
31577.9
30876.92
30361.76
29934.54
30069.59
29822.27
29430.82
29060.52
28748.73
28493.38
30639.12
30491.25
29549.17
28796.64
28256.18
27885.64
27645.21
27491.8
27394.14
27330.14
27283.25
27252.71
27236.81
27232.41
27239.1
27240.81
27284.86
35465.7
40491.08
124165.3
80373.08
48040.2
34731.37
29647.49
27842.68
27320.14
27232.38
27287.47
27417.74
2.75E+04
2.75E+04
2.77E+04
2.79E+04
2.81E+04
2.82E+04
2.79E+04
2.76E+04
2.76E+04
2.77E+04
27374.07
27333.48
2.75E+04
2.78E+04
2.82E+04
2.86E+04
2.90E+04
2.94E+04
2.97E+04
2.99E+04
3.02E+04
3.04E+04
3.06E+04
3.08E+04
3.10E+04
3.12E+04
3.14E+04
3.16E+04
3.18E+04
3.18E+04
2.94E+04
2.84E+04
2.82E+04
27279.39
27305.08
27472.87
27341.66
27303.23
2.80E+04
2.91E+04
3.02E+04
2.85E+04
2.84E+04
2.87E+04
2.86E+04
2.84E+04
2.87E+04
2.97E+04
3.08E+04
3.18E+04
3.23E+04
3.29E+04
3.32E+04
3.35E+04
3.29E+04
33711.62
35732.92
29704.45
27346.02
27291.38
2.77E+04
2.76E+04
2.80E+04
2.87E+04
2.96E+04
3.06E+04
3.15E+04
3.23E+04
3.19E+04
2.96E+04
28685.79
28630.32
28148.25
29673.39
30182.67
35336.72
29976.15
30007.78
27924.04
27392.97
38620.89
36339.71
31562.61
30387.73
28411.08
27423.98
27286.77
2.80E+04
2.90E+04
2.86E+04
2.90E+04
28443.71
27622.87
2.74E+04
2.89E+04
3.09E+04
3.14E+04
45142.57
47385.54
35978.76
33149.51
28878.84
27333.76
35703.12
33001.22
46454.82
613289
290882.4
113755.4
65108.7
352253.5
195756.8
95975.16
133686.3
149477.8
91375.95
80467.28
49190.54
35561
131903.6
120841.5
75918.84
48275.02
105348
221781.6
128691.3
148174.6
83746.88
67055.26
51754.17
38928.7
214094.4
155774
86524.28
106116.5
249063.6
245308.5
309435.2
193202.6
113293.7
69059.05
120452.4
94120.37
94023.68
110288.9
110156.4
66821.02
52358.73
47332.02
277725.1
211366.5
121548.7
98442.3
69917.37
102388.6
67025.83
46221.84
717522
645887.1
454000.4
294808.6
175612.8
147718.3
439379.8
254653.3
764646.8
381704.6
260271
1430632
834886.4
843533.6
514395.2
238815.1
390114.8
232355
156718.9
105845.4
153789.8
105663.9
75387.02
62656.52
53169.22
57433.66
469228.7
206762.9
148523.5
169246.9
94900.38
108047.9
152588
146022.9
93244.85
2038672
320388.7
299113.3
379462.5
479029.9
465732.5
328016.4
170284.5
318448.2
802913.9
2004898
3088278
2725446
2807420
1907028
2817061
1595033
1783368
687679.6
763229.9
989104.9
557795.9
319510.4
293603.4
291823.5
288496.5
948242.9
221013.8
590018.6
706901.4
1112148
456223.7
277492.2
2726962
1565356
1481398
845302.4
803370.2
680645.1
1637493
1317071
1420912
1234311
778588.5
585924.2
431972.5
901232.9
443556.7
368791.7
424865.4
837754.9
234239.2
415047
364297.8
792501.3
772680.2
473850.1
345319.8
265201.9
258284.7
196664.3
158229.5
765916.4
3384340
391865.7
1286454
448720.3
419484.8
246535.8
190051.5
197461.5
157623.4
146813
131149.6
172485.4
171567.3
244157.8
316197
397775.4
342483.7
225847.1
162667.9
164843.7
557167.2
366953.6
228767.9
186885.7
138939
110476.5
294781
223240.7
149968
117696.1
94993.16
81068.12
72462.73
71872.74
69440.47
86075.57
141751.3
104469.8
83148.52
69045.12
60288.23
56300.91
52938.92
50186.29
54686.25
52892.05
50752.43
49987.78
47696.84
64204.39
61560.31
53417.53
47246.4
43248.26
47611.45
45967.29
42684.89
39891.64
37835.37
36366.41
36572.12
36103.7
35193.23
34483.29
36449.86
36364.29
38519.73
37123.37
34840.62
33017.13
31741.79
38622.4
40343.66
36705.52
33446.26
31626.96
31331.6
30511.41
29608.58
28892.71
28409.18
28083.58
27858.56
27693.93
27568.15
27475.28
27401.51
27340.76
27297.15
27267.15
27349.17
27332.41
27272.69
27448.61
27486.13
29613.62
29678.44
28440.59
33426.72
31983.91
31171.59
29208.39
28879.27
28636.55
28875.9
28571.43
28202.84
27609.59
27404.42
27250.31
27269.11
30692.06
31352.44
29956.25
28255.64
27430.38
27235.36
27620.85
30450.44
29960.6
31075.22
67706.7
54530.64
38803.47
31156.23
28185.28
27299.9
27301.06
2.77E+04
2.81E+04
2.86E+04
2.91E+04
2.94E+04
2.80E+04
27245.48
27272.14
2.76E+04
2.82E+04
2.86E+04
2.90E+04
2.87E+04
29846.84
30794.65
28522.85
27326.74
27235.64
27378.79
27617.63
27370.99
27282.3
27266.59
27236.43
2.75E+04
2.82E+04
2.86E+04
2.90E+04
2.97E+04
3.04E+04
3.10E+04
3.17E+04
3.24E+04
3.07E+04
3.04E+04
3.02E+04
2.99E+04
2.95E+04
2.90E+04
2.90E+04
2.96E+04
2.98E+04
3.04E+04
3.09E+04
3.01E+04
2.79E+04
27363.54
27237.51
30985.81
29843.6
27685.8
27646.84
27239.88
27233.84
32763.53
31339.45
28183.11
28493.15
28296.25
27288.55
2.76E+04
2.77E+04
2.79E+04
27239
27239.99
27293.96
155197.9
111334.6
75282.5
58865.02
38829.01
31738.13
29563.7
27629.03
27279.39
27719.66
27323.32
27235.66
29144.18
54260.46
48731.23
39527.43
36277.98
63202.59
165825.7
97980.24
190401.7
119483
142467.1
97219.8
86635.2
55630.95
44266.74
830737.5
425716.9
165825
83536.64
51904.81
64630.78
53948.71
561913.4
391097.3
214822.5
135221.8
89674.21
100538
125863.1
97071.87
157022.2
82264.67
84900.76
58478.23
43860.12
35165.04
31838.12
30996.25
32841.88
39011.83
36678.34
181624.2
180189.8
104575.8
277836.6
165470.2
409861.9
163073.2
476099.6
228904.7
187534.5
106099.9
310759.9
194857.8
123500.1
1047179
1238189
1029987
590574
479676.2
472944.1
912105.9
497106.5
392058.4
208022.4
573970
572505.5
634519.8
212797.1
204811.4
397335.8
830070.9
406045.6
188341
121371
97730.64
900769.8
460024.2
264349.1
178723.6
2116483
798742.1
744416.8
902176.4
945680.8
610042
526927.4
822564.9
582985.1
768315.3
1108970
1876829
1006603
447252.5
690706
514239.6
305154.9
328088.9
414291.9
2221780
1018430
1010232
685454.1
413386.8
268498.1
930327.4
603289.4
599206.4
793482.8
748123.6
817129.6
938625.6
3848399
787971.2
4346728
1067054
1989977
1323133
943312.9
3563304
944929.8
1529187
1138871
613851.5
334350.5
228140.2
175208.5
309769.3
458048.9
477436.2
350474.5
758044.2
599548.8
1404094
961770.6
978914.5
498234.1
499473.8
1204673
716091.9
1244871
1626684
1450088
813539.1
537453.1
664378.6
546223.4
1286377
2900720
1641036
1663788
1857071
3708578
1264044
2084751
417263
676990.7
369100.5
312021.5
286926.2
259244.6
252812.6
666960.4
558380.4
422861.7
424552.4
311804.2
367429.2
307813.2
235826.2
231644.1
195231.7
636309.8
607896.2
387642.9
278797.6
239267
186550.2
159800.5
140535.8
126681.9
191559.2
158716.7
132627.7
122365
196817
215501
171756.8
135583.2
113069.2
99104.05
90882.43
84123.52
81632.34
77739.2
74556.37
80100.66
129864.2
104994.8
86523.02
73720.43
66004.49
61219.51
57946.32
56290.34
54488.9
52828.87
51641.08
50234.3
63846.88
63609.6
59379.91
54786.5
51099.05
48443.97
46024.62
61139.62
115685.1
110708.1
85878.12
67749.96
56134.99
48718.69
43991.02
52899.49
47850.39
42765.27
45599.41
43411.21
41640.56
43757.16
41405.95
38192.03
35700.37
33885.26
32650.16
39312.97
37128.34
34817.38
52391.44
69656.59
87374.6
253280.2
165047.2
97623.99
65746.82
48984.2
40383.13
36234.59
33197.59
31176.45
30046
29068.25
28443.99
28071.05
27789.99
27707.26
27564.5
27430.93
27333.52
27273.38
27241.15
27232.44
27272.91
27235.05
27238.66
27268.81
27314.59
27372.93
27435.01
27293.11
27248.32
27237.43
27258.74
27398.7
2.76E+04
2.78E+04
2.80E+04
28101.77
28043.52
27405.24
27235.1
27406.36
2.77E+04
2.80E+04
2.83E+04
2.79E+04
2.79E+04
2.80E+04
2.82E+04
28245.64
29521.04
72654.84
75226.84
46651.5
32919.59
28269.39
27244.29
2.75E+04
2.81E+04
2.86E+04
2.91E+04
2.96E+04
3.00E+04
3.03E+04
3.06E+04
3.09E+04
2.87E+04
2.83E+04
2.85E+04
2.89E+04
2.94E+04
2.98E+04
3.01E+04
3.05E+04
3.09E+04
3.13E+04
3.18E+04
3.23E+04
3.27E+04
3.23E+04
3.22E+04
3.24E+04
3.21E+04
3.24E+04
3.26E+04
3.25E+04
3.21E+04
3.22E+04
3.26E+04
3.30E+04
3.30E+04
3.14E+04
3.10E+04
2.91E+04
27919.47
29489.36
37807.55
36389.95
39864.2
48119.17
56146.52
44161.79
65182.51
47328.38
37048.62
29976.79
27839.08
27238.83
2.79E+04
2.90E+04
3.01E+04
3.11E+04
3.22E+04
3.32E+04
180742
96327.59
44823.09
29746.86
27233.75
2.81E+04
2.98E+04
3.15E+04
3.30E+04
3.43E+04
3.26E+04
3.22E+04
3.07E+04
27419.36
27389.03
28578.58
27682.43
29813.03
27587.36
2.74E+04
2.78E+04
287606.1
184256.2
85948.6
45667.09
31418.56
27506.98
27281.84
27370.44
27246.9
27232.63
27440.89
2.80E+04
2.90E+04
115119.5
97129.95
54934.26
36502.56
31625.74
27991.77
83820.67
63597.44
39723.09
29928.82
27354.8
90880.73
92058.7
81452.92
59192.7
48403.88
55524.72
115297
320805.7
77334.03
408600.6
270984.4
133205.8
218381.1
121777
69507.09
69110.24
219727
219185.9
139075.6
91808.95
76378.73
58258.96
217772.9
142277.3
79872.21
55772.46
87276.2
94376.65
104790
253530.2
227672.5
150913.5
213332.7
170527.4
768158
373599
184786.9
95518.27
136594.8
217465.4
185613.1
407512.8
322559.7
408168.9
215470.8
184270
292749.8
225904.2
254189.3
540757.8
267910.6
304146.9
588386.6
211964.8
126468
80743.8
62498.56
79901.16
920966.6
1132339
987962.1
907226.6
380052.7
855199
395488.7
659954.9
235239.7
155706.9
884895.8
512125.2
711121.2
324585.3
1334495
720224.8
549725.5
526304.8
651791.4
536008.5
425599
288895.2
294695
280877.3
287915.1
3441408
3292602
1984458
1510422
2206126
2912274
1142768
664632
449109.5
283684
205970
158453.5
187636.4
153624.5
130342.8
108464
102611
325792.2
236873.5
172803.8
129247.9
489038.6
915313.8
561410.5
261642
203374.9
337794.7
313623
185939.3
150688.8
300986.1
176977.4
305188
938293.2
569186.5
335422
224114.3
210715.2
166431
424044.6
577155.4
488280
554898.8
361318.9
218319.2
229158.9
203643.8
194765.8
136210.2
121129.1
206258.4
245917.4
168299.1
167787.4
120513.9
95516.48
84558.62
69383.99
65957.83
208147
258126.9
249614.5
184415.8
120395.2
85095.7
66313.99
56813.69
53733.1
52245.51
335540.9
192220
103119.8
66890.59
51212.18
46572.7
86975.25
109163.1
101876.6
79481.81
123817
86611.05
60367.89
52296.33
44227.84
38890.41
35603.79
33602.48
32336.52
46443.47
46756.59
41983.02
37591
34521.78
32498.99
31179.94
30217.16
29564.62
29100.57
28699.01
28539.31
30099.74
29933.52
29125.89
28430.73
27947.12
27660.87
27484.05
27376.61
27306.52
27260.62
27239.04
27232.39
27237.73
27308.44
28076.57
28069.44
27558.4
27278.13
28210.03
28235.91
27603.33
27264.34
27261.25
27416.44
2.76E+04
2.78E+04
2.80E+04
2.81E+04
2.81E+04
2.81E+04
2.80E+04
29661.31
32913.74
29664.14
27612.31
27242.15
2.76E+04
2.75E+04
262358.9
182915.3
88625.88
47713.83
33030.82
28428.51
27295.11
27343.82
2.78E+04
2.83E+04
2.88E+04
2.93E+04
2.97E+04
3.00E+04
40607.65
44538.02
35789.36
30048.27
27714.34
27234.64
2.76E+04
2.82E+04
2.89E+04
2.96E+04
3.03E+04
3.09E+04
3.14E+04
3.14E+04
3.16E+04
3.19E+04
3.22E+04
3.26E+04
3.29E+04
3.32E+04
3.35E+04
3.34E+04
3.36E+04
3.38E+04
3.28E+04
3.05E+04
3.00E+04
3.05E+04
3.14E+04
3.24E+04
3.20E+04
3.22E+04
3.29E+04
3.37E+04
3.45E+04
3.51E+04
3.55E+04
3.49E+04
3.25E+04
2.97E+04
2.95E+04
3.04E+04
3.07E+04
27239.5
27791.26
27260.89
2.76E+04
2.88E+04
32765.19
32212.21
28595.6
27457.32
27234.63
27454.98
36173.09
34584.61
29203.85
27279.85
2.77E+04
2.90E+04
3.05E+04
3.20E+04
3.32E+04
3.43E+04
3.52E+04
3.33E+04
3.32E+04
3.31E+04
3.22E+04
3.20E+04
3.11E+04
3.16E+04
3.28E+04
3.30E+04
3.20E+04
3.06E+04
2.88E+04
2.93E+04
3.07E+04
3.03E+04
3.08E+04
3.21E+04
3.30E+04
3.36E+04
3.45E+04
3.56E+04
3.67E+04
3.54E+04
3.51E+04
44115.7
44736.55
32785.06
28024.08
27252.27
46995.38
530844.6
256027.2
97615
50926.45
33419.52
28685.1
27308.17
31199.11
28599.35
27243.24
2.79E+04
30617.21
29643.19
38361.05
61825.88
44795.57
58058.61
48378.55
294876.9
229869.8
151318.5
109956.9
69836.74
1226193
976160.4
360283.9
140845.7
375179.1
163122.6
80559.49
44309.77
62234.59
52005.84
77967.89
99154.24
96064.16
69864.66
46031.33
35397.48
29944.86
72762.8
61599.71
43844.12
39447.92
135108.6
167320.4
126656.8
72061.28
126853.7
57480.45
43385.53
92880.41
78290.5
53055.23
51830.71
482016
552988.5
440521.9
402091.5
741618.2
422063.8
322690.2
461978.3
365532.6
852714.2
397078.9
401169.9
235666.4
154273.5
95267.03
128798.3
159237.4
121428.2
79053.89
118778.7
284401.9
334742.1
188787.2
107722.3
355607
185221.6
230090.3
224345.5
129646.1
79126.34
55358.29
76442.85
60992.04
430752.1
263608.4
152916.6
95304.8
71231.33
90680.47
71935.92
55052.04
50536.71
46059.12
91855.15
419264.4
437648.2
314230.9
922144.4
497381.1
381960.6
1033287
322353.2
197928.7
119093.8
81640.39
89426.62
131734.3
225321.9
851693.8
387075
1488541
536100.5
1163662
1029852
1202206
1021432
442059.3
364082.2
479029.9
335926.6
200650.2
314766.7
194646.4
302644.7
209334
371244.4
206247.7
312118.2
254823.8
234124.6
271922.4
122080.4
89446.86
75012.56
126155.5
354897.1
690721.5
970402.6
856500.6
750879.1
756022.5
750310.8
478887.7
289368.7
331911.6
566769.4
343920.2
205273.4
139209.9
118778.8
924307.8
459331
239021.6
153140.2
109662.8
83874.64
81734.48
144503.5
133517.1
103455.7
80663.76
562794.6
312635.4
160191.5
131969.8
93672.32
109685.8
86912.85
76505.51
64586.36
75912.41
68813.75
63944.32
67594.29
78151
65131.21
55237.1
70340.2
69844.96
73740.48
139399.7
119785.6
99586.44
106718.7
85191.12
67621.19
56141.11
48739.28
43862.09
40440.32
38000.95
36206.08
35320.11
34250.8
33811.38
33531.11
32687.71
31776.2
30992.19
30391.95
32941.98
34473.55
33120.89
31505.38
40559.05
39168.06
35604.19
32756.67
30961.19
42718.47
39359.27
33736.68
30456.64
29098.51
28241.18
27759.03
27496.68
27604.23
27500.68
27369.94
27279.47
27238.13
27233.83
27254.18
27240.52
27237.44
27239.03
27260.11
27322.24
27431.43
2.76E+04
2.77E+04
2.78E+04
2.80E+04
2.81E+04
2.82E+04
2.84E+04
2.85E+04
2.86E+04
2.81E+04
27298.94
27301.03
27245.28
2.75E+04
2.80E+04
2.85E+04
2.89E+04
2.89E+04
2.91E+04
2.94E+04
2.97E+04
2.99E+04
3.02E+04
3.05E+04
27244.79
27503.3
27238.18
2.75E+04
2.82E+04
2.90E+04
2.97E+04
3.04E+04
3.10E+04
3.15E+04
3.19E+04
3.22E+04
3.24E+04
3.18E+04
3.17E+04
3.18E+04
3.19E+04
3.22E+04
3.25E+04
3.27E+04
3.28E+04
3.31E+04
3.33E+04
3.35E+04
3.38E+04
3.40E+04
3.42E+04
3.44E+04
3.46E+04
3.48E+04
3.44E+04
2.79E+04
27360.48
2.78E+04
2.88E+04
3.02E+04
3.15E+04
3.27E+04
3.37E+04
3.45E+04
3.52E+04
3.57E+04
3.62E+04
3.65E+04
3.61E+04
3.60E+04
3.61E+04
3.64E+04
2.95E+04
2.88E+04
3.00E+04
2.89E+04
2.98E+04
3.15E+04
3.33E+04
3.48E+04
3.45E+04
3.49E+04
3.54E+04
3.60E+04
3.65E+04
3.70E+04
3.67E+04
3.66E+04
3.36E+04
3.28E+04
3.33E+04
3.43E+04
3.52E+04
3.61E+04
3.68E+04
3.74E+04
3.79E+04
3.83E+04
3.86E+04
3.88E+04
3.92E+04
3.95E+04
3.99E+04
4.01E+04
4.04E+04
4.06E+04
37039.11
33071.27
27402.96
2.83E+04
3.09E+04
3.31E+04
3.31E+04
2.96E+04
29693.99
29343
27742.55
27235.74
27374.28
27484.36
27250.64
2.76E+04
2.86E+04
3.03E+04
2.75E+04
27267.44
27254.25
2.78E+04
2.79E+04
42151.08
35996.61
28689.77
27257.7
2.78E+04
27236.82
40015.21
67620.98
41515.79
38673.38
34361.38
28125.73
35431.36
30814.3
28170.32
27335.5
27389.86
2.83E+04
2.88E+04
2.99E+04
27405.9
27258.74
27286.04
28349.57
51012.61
80540.04
52902.7
34163.18
45776.39
255729.8
178855.7
103428.8
395097.5
164748.8
294026.8
154075.6
581180.7
261247.8
196872.6
105876.9
56244.92
36225.27
30893.32
203929.8
146245.7
77418.77
79196.02
440029.7
204340.9
270059.3
140401.7
71035.77
42549.3
38849.16
35985.39
44094.16
94200.44
563431.5
304367.7
283469.8
285972.5
201203
213749.7
302604.8
186249
98150.65
88645.13
294973.5
325340.5
514421.1
647203.5
375069.5
1069612
519970.9
386847.6
1356729
1227074
1086608
1410967
993375
664585.9
281611.4
403867.4
516072
460975.6
216945.3
268638.4
272155.6
2439890
1544655
1952003
568538.2
598012.1
509504
311814
349610.5
255027.3
279435.1
476246.6
371713.2
289046.3
208970.9
275691.1
170881.3
337525
146615.5
543184.8
491284.8
1059800
349440.3
274961.5
718446
526654.1
386369
408612.8
1857006
2335630
549097.8
1026134
628992.8
391932.1
260254.5
549340.4
307617.8
260836.6
442977.8
380289.9
318407.1
346780.9
239638.3
514027
413955.7
270547.8
187729.2
275638.3
2198530
968788.9
718549
337721.8
462473.9
198088.8
164534.5
212403.9
904961.2
625073.2
439672.2
496462.7
270636.5
191308.9
377045.6
889009
456348.8
384356.3
399894.6
369673.5
2671369
716662.4
904649.5
431828.6
363023.7
469182.8
385726.8
488197.2
342546.9
257719.6
398413.5
259024.2
238198.8
557253.2
537521.1
355945.1
371300.9
203651.5
558668.9
371100.8
440175.1
290883.4
205981.7
192764.8
174990.1
138514.9
110436.8
108702
94228.41
83527.93
75934.63
71623.56
67751.56
65245.68
65558.39
63129.15
62234.95
59237.09
56456.86
54392.91
52634.17
51139.49
49701.94
48403.69
47258.33
48275.02
47403.24
46002.8
44625.7
43389.12
42199.91
41197.41
40262.44
39355.4
38519.73
37774.49
37061.3
36401.29
35770.36
35191.41
45916.88
46555.31
43229.63
39862.77
37246.18
35324.18
33894.62
32828.69
31986.46
31423.35
30888.19
30413.65
30190.6
29999.46
29593.14
29286.31
29071.91
30832.11
30815.94
29932.91
32672.11
34094.91
32097.15
30264.91
29197.55
28501.61
28073.45
27814.46
27634.93
27496.86
27399.07
27333.68
27345.25
27309.65
27266.5
27238.22
27232.62
27242.39
27252.88
27279.61
27325.07
27303.41
27337.74
27406.58
2.75E+04
2.76E+04
2.77E+04
2.78E+04
2.80E+04
2.81E+04
2.82E+04
2.84E+04
2.85E+04
2.86E+04
2.86E+04
2.87E+04
2.88E+04
2.89E+04
2.91E+04
2.92E+04
2.94E+04
2.96E+04
2.97E+04
2.99E+04
3.01E+04
3.02E+04
3.04E+04
3.06E+04
2.77E+04
27255.27
27237.72
2.75E+04
2.81E+04
2.89E+04
2.96E+04
3.02E+04
3.07E+04
3.11E+04
3.13E+04
3.13E+04
3.14E+04
2.86E+04
2.83E+04
2.88E+04
2.96E+04
3.05E+04
2.95E+04
2.88E+04
27242.99
27254.82
2.75E+04
2.81E+04
2.90E+04
3.00E+04
3.09E+04
3.17E+04
3.25E+04
3.31E+04
3.32E+04
3.23E+04
3.24E+04
3.29E+04
3.34E+04
2.97E+04
2.90E+04
2.78E+04
2.83E+04
2.95E+04
3.09E+04
3.23E+04
3.34E+04
3.43E+04
3.50E+04
3.53E+04
3.55E+04
3.58E+04
3.54E+04
3.52E+04
3.49E+04
3.51E+04
3.52E+04
3.42E+04
3.28E+04
3.26E+04
3.31E+04
3.39E+04
3.23E+04
3.22E+04
2.99E+04
2.92E+04
2.92E+04
2.98E+04
3.10E+04
2.75E+04
27365.71
2.76E+04
27433.14
27410.04
29384.86
32407.09
37582.15
31247.62
27860.8
27274.44
2.76E+04
2.83E+04
2.95E+04
53126.44
50042.1
34833.31
44207.9
34517.24
237131.2
120783.2
83708.23
67224.73
50603.63
37073.98
43700.72
34933.3
153348
132385.8
107421.5
60525.12
63046.6
97911.52
72714.09
227612.9
157503.3
270107
182012.9
88379.28
77661.88
316785.1
142618
66094.31
42427.98
34484.52
30071.01
44545.22
36943.38
73059.38
52405.84
35763.17
35466.78
45982.26
43172.01
34806.7
179891.6
136395.9
112070.6
174485.6
407620.9
201677.7
94154.25
89788.66
352723.6
779914.5
691749.8
474279.2
710983.9
590568
710108.9
619955.4
305817.6
157207.1
89962.64
58618.75
679016.9
429684.6
384905.8
187369.5
190147
121644.5
430994.6
556419.6
163707.6
266218.7
200168.3
212990.7
299054.8
555614.8
263237.1
370975.6
197995.3
109980.5
78327.7
59434.66
48771.13
190238
190211.4
436520.9
262159.5
164836.4
117878.2
127083.8
306159.4
214413.7
219640.1
168524
116674
118541
164834.4
193582
777360.2
522384.6
273943.9
180817.1
153547
138741.2
115848.8
153434.2
476306.1
509802
307023.2
1347606
679762.1
446429.7
602277.1
307875.2
273110.9
167466.1
471311.1
269563.6
209266.1
1091401
329400.8
547805.8
686833.9
391067
266991.8
273451.7
172423.9
149419.2
408629.1
432281.4
283550.2
266944.1
251462
175037.4
133822.1
201515.3
1630306
117046.1
185566.9
184800
227148.2
191498.8
234753.9
1732772
155040.5
726894.2
1207545
510021.7
707694.5
419535.4
323897.6
258247.9
505093.3
2309589
1283043
871776.6
543009
290937.3
335787.3
217000.2
1330548
916942.8
529302.8
908451.1
525678.1
519992.5
340285.2
643312.6
1091252
683714.3
503615.3
413726.1
276056.4
201306
152076.6
129748.7
1420339
1151731
881120
347097.3
567201.3
328870.2
203140.9
143453.1
117077.7
98797.52
86836.59
95736.31
88742.66
83585.78
76444.23
70556.84
65963.98
63553.76
120293.2
114184.1
94932.35
79877.27
71265.88
64054.95
58812.29
55155.7
53049.64
80179.55
75410.44
67351.66
77613.31
67636.02
57680.54
50793.23
46416.62
43400.72
41281.63
41849.34
43588.38
700569.2
582277.1
317158.8
189178.3
126832
116724.9
152784
114998.4
82979.42
63178.1
51347.38
44407.89
40087.05
36575.86
34186.85
32568.3
31400.9
30578.04
29937.77
29421.79
29018.14
28692.78
28415.35
31550
31550.55
30088.73
28918.56
28206.89
27852.86
28396.93
30513.29
30086.42
29119.85
28348.62
27823.61
27515.18
27341.34
27520.92
29257.03
29102.12
28275.05
27671.17
27354.12
27240.68
27246.4
27315.18
27416.73
2.75E+04
2.77E+04
2.78E+04
2.79E+04
27237.49
27264.53
27632.24
27455.45
27234.26
27371.03
2.77E+04
2.81E+04
2.85E+04
2.88E+04
2.91E+04
29101.57
30263.93
28412.09
27354.9
27294.9
2.77E+04
2.80E+04
2.82E+04
2.86E+04
2.91E+04
2.96E+04
3.00E+04
3.04E+04
3.08E+04
3.11E+04
3.15E+04
3.17E+04
3.20E+04
3.22E+04
3.24E+04
2.83E+04
2.77E+04
2.81E+04
27299.64
27239.18
27433.88
2.82E+04
2.92E+04
2.93E+04
2.99E+04
3.07E+04
3.14E+04
3.21E+04
3.28E+04
3.33E+04
3.38E+04
3.41E+04
3.45E+04
3.05E+04
2.99E+04
3.04E+04
2.91E+04
2.91E+04
2.97E+04
3.06E+04
3.16E+04
3.25E+04
3.33E+04
3.32E+04
3.33E+04
3.37E+04
3.42E+04
3.48E+04
3.53E+04
3.57E+04
3.61E+04
3.64E+04
3.68E+04
3.71E+04
3.70E+04
3.71E+04
3.71E+04
3.71E+04
3.08E+04
2.96E+04
2.81E+04
27292.02
27352.3
2.75E+04
2.90E+04
3.09E+04
3.27E+04
3.43E+04
3.55E+04
3.65E+04
3.73E+04
3.80E+04
3.79E+04
3.51E+04
2.85E+04
2.77E+04
27257.96
2.78E+04
2.80E+04
2.93E+04
3.13E+04
3.33E+04
2.88E+04
31079.61
29231.15
27245.53
28206.08
27243.6
29729.55
34345.32
28435.05
27286.2
28525.83
27542.79
27344.96
35238.51
32163.56
28496.98
28112.86
32772.68
30355.21
27520.71
2.75E+04
2.90E+04
3.07E+04
2.77E+04
2.77E+04
32406.31
30870.2
27740.08
27262.6
330919.8
210569
98649.21
53214.72
55332.53
40360.7
30939.75
27563.21
29923.45
48890.18
46420.06
39645.26
61434.2
50130.03
35024.38
61503.41
49711.99
73060.86
52506.93
56547.8
84578.52
57759.65
38396.98
40797.29
145036.2
99664.31
66722.85
45657.11
33909.67
37810.76
690960.4
562283.4
828953
851344.2
1069923
340949.6
349031.7
356563.9
185939.8
86421.4
183467.6
792673.4
555209.7
337755.7
190150.7
196102.1
245907.1
473740.6
325723
614584.1
178231.8
466367.1
235600.6
2521243
1013482
1057206
786312.4
315007.8
435165.8
1493627
1483009
1227265
983542
2093855
2634448
2719691
1550140
759310.1
484298.4
335748.8
288098.5
323936.1
633871
738126.4
583591.8
943254.9
1655070
3864806
2214620
1376988
1166149
739155.6
536634.7
1425795
1191162
793357.1
490134.5
354427.6
483139.2
1210620
1351150
1071634
1701594
1308944
791579.4
408346.6
1376694
320241.7
1400137
1523574
1122517
991503.8
947191.7
760326.2
1158130
477417.4
507258.1
296443.8
234266.6
243681.5
400953.2
619399.2
442297.4
583386.1
1240542
585670.1
2170949
1164964
1233057
721413
1270292
809908.2
1372467
541061.5
460172.9
279935.4
236026.6
231478.7
218847.8
189407.4
163015.7
143193.2
134671.7
131121.8
132177.9
127499.4
114285.6
106247.1
1204338
719674
1184987
658992
458973.8
772486.8
473472.2
305703.6
214729.1
165366.4
136230.1
432480
340725.8
281847.6
229571.9
170291.8
147505.2
395276.6
313792.1
220335.1
162076.9
126845.2
105337
93353.17
87136.66
82905.94
87106.26
78972.65
72718.42
75347.54
70060.29
123532.5
228777.9
176095.8
122801.5
91498.69
73269.16
62069.07
54988.11
50065.36
47584.55
56710.48
90953.12
95262.7
82810.32
63836.73
51573.23
44568.86
40537.6
38064.97
36319.57
35100.22
34137.28
33337.99
33011.96
32481.33
31898.9
33460.48
33719.16
33293.71
32159.99
31105.99
30330.48
30088.37
29518.81
29101.76
28760.67
28485.96
28258.09
28052.97
27875.81
27724.44
27602.26
37363.78
38815.29
35192.03
31931.17
29905.91
28657.01
35683.16
34922.73
31917.12
29635.08
28315.97
27644.63
27340.99
27250.51
27235.09
27277.7
27358.21
27458.49
2.76E+04
2.77E+04
2.78E+04
2.79E+04
2.81E+04
2.82E+04
2.84E+04
2.85E+04
2.87E+04
2.88E+04
2.89E+04
2.86E+04
2.85E+04
2.85E+04
2.87E+04
2.89E+04
2.92E+04
2.93E+04
2.95E+04
2.97E+04
2.99E+04
3.01E+04
3.04E+04
3.06E+04
3.08E+04
3.10E+04
3.07E+04
3.07E+04
3.08E+04
3.09E+04
2.89E+04
2.87E+04
2.89E+04
2.95E+04
3.02E+04
3.09E+04
3.14E+04
3.14E+04
3.12E+04
3.14E+04
2.92E+04
2.91E+04
2.93E+04
3.02E+04
3.11E+04
3.21E+04
3.27E+04
3.33E+04
3.39E+04
3.43E+04
3.47E+04
3.50E+04
3.52E+04
3.51E+04
3.47E+04
3.48E+04
3.51E+04
3.55E+04
3.58E+04
3.61E+04
3.64E+04
3.63E+04
3.62E+04
3.63E+04
3.66E+04
3.68E+04
3.71E+04
3.72E+04
3.55E+04
3.49E+04
3.51E+04
29755.23
31760.62
29030.62
27708.94
27236.45
2.78E+04
2.85E+04
2.95E+04
3.06E+04
3.13E+04
3.18E+04
3.11E+04
2.82E+04
2.81E+04
2.75E+04
2.82E+04
2.95E+04
3.08E+04
3.22E+04
3.35E+04
3.22E+04
3.05E+04
3.05E+04
3.15E+04
3.15E+04
27232.43
27233.52
89883.71
56877.6
36464.07
31241.32
28101.12
27402.52
27322.65
2.76E+04
2.79E+04
2.86E+04
2.98E+04
2.86E+04
2.88E+04
2.98E+04
3.02E+04
3.04E+04
3.13E+04
3.26E+04
3.38E+04
2.86E+04
2.81E+04
27353.65
34899.65
57168.89
78718.79
101104.8
290699.8
64551.84
38682.37
41745.91
59379.07
44724.47
33002.02
28273.96
28546.57
29161.72
27405.88
27360.34
437580.2
316246.3
337751.6
220357.9
139475
99085.16
134734.5
79991.76
48071.83
33876.22
28535.87
27562.24
27245.92
27241.27
27297.03
2.78E+04
2.87E+04
34790.2
44791.59
41071.96
48994.91
44308.48
43792.5
35439.61
30195.95
53826.31
47169.49
36967.88
31110.52
67029.75
64049.41
698104.1
414736.4
221376.6
242122.4
252981.5
923097.1
574729.9
290154.1
792574.4
458532.3
186300.8
93090.28
146937.3
105165.2
121109.7
99586.11
63346.77
43750.24
44397.79
37604.61
469330
323973.4
443760.3
462698.1
208468.8
117968.6
80237.17
72477.14
52201.79
78588.4
136264.3
95179.79
94186.91
66572.62
115590
342116.2
220579.2
708658.4
479164
369659.6
354367
195223.6
170140.9
106978.3
161925.3
297711.8
197975
141254.9
165928.2
142011.6
102296
79208.02
96820.44
78961.27
74757.55
66779.07
90923.02
233538.8
148512.3
195811.2
313018.8
204946
259950.5
789958
436659.3
1203803
1052016
947838.4
699331.8
228755.5
1146540
425621.3
2872804
218943.4
1896912
207011.1
1691719
233558.3
249255.8
596252.4
721089
417209.8
236943.5
190970.9
145252.2
160529
199771.9
300588.6
323284.6
827661
510294.8
881033.3
598100.2
342740
216085.8
153608.5
115365
227958.3
348426.4
299813
242431.1
226385.7
293715.3
237697.2
341843.6
452032.1
333054.2
443487
345562.2
211706.8
171992.8
121807.7
92320.58
89139.45
300696.8
272522.8
241926.7
190056.5
485807.3
1369985
869497.1
583926.2
374785.6
259772.5
172134.7
128453.6
99188.59
81343.9
70084.73
64980.4
60446.2
308010
253536.3
172937.2
226832.5
166723
119627.7
90558.39
74607.05
87923.78
78900.05
66333.82
60322.12
52702.48
57325.27
52638.78
101222
88709.77
69517.61
57772.21
49390.42
56755.08
56349.69
48701.17
41959.23
80965.26
73711.51
62758.77
51148.71
44148.98
39031.86
35714.1
43354.39
41188.38
36813.8
33971.58
70091.45
64164.78
50199.67
41074.09
35538.5
63612.77
57225.37
45743.96
38018.2
33481.2
30861.04
29315.08
28404.23
27875.73
27559.86
76382.26
73719.64
53833.04
40922.86
33970.97
30409.98
28599.09
28360.77
29204
28459.62
27713.38
27333.57
29061.63
29063.7
27777.22
27266.65
27281.43
2.75E+04
2.78E+04
2.80E+04
2.83E+04
2.84E+04
2.81E+04
2.82E+04
2.84E+04
73088.56
71395.12
49039.49
37739.39
31208.95
28234.98
27295.38
27330.69
2.78E+04
2.83E+04
2.89E+04
2.95E+04
3.00E+04
3.04E+04
3.08E+04
3.12E+04
3.14E+04
3.02E+04
2.90E+04
2.97E+04
2.91E+04
2.90E+04
2.93E+04
2.96E+04
3.01E+04
3.07E+04
3.14E+04
3.21E+04
3.24E+04
3.27E+04
3.31E+04
2.96E+04
2.91E+04
2.99E+04
3.05E+04
2.77E+04
2.78E+04
2.84E+04
2.96E+04
3.09E+04
3.21E+04
3.31E+04
3.40E+04
3.47E+04
3.52E+04
28781.64
28730.89
27232.68
2.83E+04
2.97E+04
3.06E+04
3.17E+04
3.22E+04
3.27E+04
3.33E+04
3.33E+04
3.36E+04
3.41E+04
3.37E+04
3.38E+04
3.39E+04
3.44E+04
3.51E+04
3.57E+04
3.63E+04
3.03E+04
2.89E+04
2.87E+04
2.95E+04
3.07E+04
3.20E+04
3.32E+04
3.43E+04
3.46E+04
3.50E+04
3.53E+04
2.81E+04
27465.57
2.79E+04
2.90E+04
3.05E+04
3.21E+04
3.36E+04
3.49E+04
3.54E+04
3.37E+04
3.36E+04
3.29E+04
3.24E+04
3.28E+04
3.27E+04
3.13E+04
2.85E+04
2.87E+04
38607.8
35410.41
28938.48
27232.95
27258.02
72638.75
56270.23
36215.18
28549.31
28143.04
30567.45
31841.41
36341.53
34795.04
28679.6
27498.33
27232.47
2.79E+04
2.91E+04
2.95E+04
27581.04
28380.8
27388.63
2.75E+04
76462.95
79145.02
54452.23
40044.53
30567.04
27483.88
112293.7
76223.76
42535.22
30058.48
28342.04
27446.03
34034.71
31388.14
31811.42
140202.7
80308.6
57239.59
39894.8
29432.44
41211.09
38927.6
52322.78
87684.86
230308.1
92374.23
130312.6
96930.43
199254.1
74327.8
54919.59
34472.92
78756.21
40420.58
134098.4
638626.4
412024.6
579565.6
312285.3
186008.9
226600.7
145649.9
194357.5
110775.5
60856.71
40696.6
64147.5
61464.2
456253.8
709976.2
886991.9
1113347
1025016
871677.5
724379.2
760256.2
450809.7
349468.1
265844.9
999788
695039.5
877218.1
836908.1
2043424
530862.1
463798.8
330403.1
202329
347290.1
625798.6
1160566
139757.5
699616.8
337902.5
407703.5
254382.8
162428.4
260102
370789.4
237322.6
235812.2
629545.2
880575.2
539101.6
742986.6
562661.1
745655.8
850529.2
406560.5
321435.3
242871
171912.6
117151.2
101703.8
99737.46
235026.6
2014258
1671330
1287500
904326
574987.6
1920081
746938.1
1814760
1692927
1641244
1869807
1549138
1281064
991298.9
383918
411314.3
925071.9
1528534
989753.6
1996412
1243362
554983.4
453841.2
636442.5
301864.9
274232
483317.2
402830.9
1139841
717971.1
532347.6
484356.5
325416.9
394335.3
269055.3
258841
284033.6
277448
602922.3
1461029
917197.8
482714.5
419935.4
280560.4
200678.6
273637.3
300537.4
327069.1
1159956
751372.8
385460.7
404029.1
371169.9
267480.7
221508.1
193359.8
149258.6
122407.9
108607.3
170883.1
143130.1
190542.1
132409.2
109742.1
91353.93
112117.9
88984.55
77191.56
69793.95
64741.43
107086.4
102525.9
87959.78
128318.5
105670.8
82402.74
73070.43
77856.02
69488.99
60801.2
54487.65
230396.7
198384
212987.5
154468.3
109894.5
81702.77
65014.73
162338.8
150950.6
110225.3
129144.4
99548.62
77153.18
61711.16
52150.16
45944.91
41787.39
38857.71
36723.05
35159.81
33936.94
32961.88
40110.84
41556.1
41133.35
37819.79
34732.5
34706.16
33388.91
31935.96
50224.59
56918.98
47334.34
38667.25
36650.5
33512.46
31102.12
29601.06
28738.36
28215.68
27977.8
27704.23
27537.57
27417.93
27367.76
27313.03
27267.97
27241.24
27232.38
27239.29
27259.06
27290.18
27331.21
27358.66
27544.47
27418.79
27277.64
27233.29
27294.3
27411.39
2.76E+04
2.77E+04
30722.26
30492.73
28234.72
27320.29
27280.6
2.76E+04
2.79E+04
2.82E+04
2.85E+04
27825.05
29633.54
28601.39
28552.27
55290.53
48275.73
36651.15
30861.47
28286.32
27367.31
27267.13
2.76E+04
2.82E+04
2.88E+04
2.93E+04
2.98E+04
3.03E+04
3.07E+04
3.11E+04
3.14E+04
3.17E+04
3.19E+04
3.22E+04
3.24E+04
3.26E+04
3.27E+04
3.27E+04
3.27E+04
3.29E+04
3.31E+04
3.33E+04
3.36E+04
3.38E+04
3.40E+04
3.42E+04
3.43E+04
3.45E+04
3.47E+04
3.49E+04
3.51E+04
3.52E+04
3.54E+04
3.56E+04
3.57E+04
3.58E+04
3.59E+04
3.61E+04
3.63E+04
3.62E+04
3.62E+04
3.57E+04
3.56E+04
2.98E+04
30095.36
29239.3
27602.58
27265.04
2.75E+04
2.85E+04
2.95E+04
2.95E+04
3.01E+04
3.07E+04
3.13E+04
3.20E+04
3.28E+04
3.35E+04
3.42E+04
3.47E+04
3.53E+04
2.94E+04
2.86E+04
2.92E+04
3.03E+04
3.17E+04
3.29E+04
3.41E+04
3.51E+04
3.58E+04
3.65E+04
3.20E+04
27564.97
27575.42
27344.46
28101.93
118217.5
84479.09
45947.64
118998.6
62663.34
35421.29
27968.88
27269.54
2.81E+04
2.88E+04
2.98E+04
3.05E+04
3.17E+04
3.30E+04
3.41E+04
3.39E+04
27495.45
27639.31
27432.02
27300.29
2.79E+04
27296.33
27368.72
2.81E+04
31807.13
30684.67
31220.28
28182
27243.87
2.78E+04
2.89E+04
32799.02
48734.99
33756.4
27636.66
2.77E+04
2.95E+04
2.98E+04
3.01E+04
3.06E+04
2.90E+04
2.80E+04
2.85E+04
2.95E+04
3.07E+04
3.20E+04
3.26E+04
3.31E+04
3.13E+04
27364.72
27344.22
27232.84
27375.45
27383.14
2.79E+04
42715.23
36756.55
31271.82
31147.73
28179.15
29870.12
167864.6
199377.9
120494.8
82370.52
189793.3
120691.9
70274.88
56102.77
40611.65
36692.7
34094.02
32733.14
31533.22
67187.12
1425704
1131623
716008.5
268405.8
375498.3
203027.4
110919.3
836024.8
516466.3
330338.6
624553.8
239489.5
136137.3
220491.4
105974.2
116000.5
63808.98
246843.2
394085.2
738452.8
479980.4
315461.8
234341
147661.2
262750.5
224475.7
160261.7
104452.3
826222.4
691291.6
806907
475115.3
483312.9
471024.2
397341.6
815233.8
149680.3
310358.4
188042.1
171931.9
165290.7
800716.3
122527.9
343062
532787.3
291113.5
226189.2
484493.3
361158.1
219675.5
483542.5
352224.5
229184.5
240329.8
1308976
1085418
1725813
1215084
1276367
1166728
778879.4
739884.1
1394445
808645.4
510857.8
1109455
561938.4
941881.6
331286.4
687341.6
595314.2
2285098
116187.4
176153
143380.5
405065.4
432560.1
315833.4
207959.9
687047.5
741968
341248.4
950869.1
489116
2150734
811866.9
1142955
1219160
798602.7
685279.5
1287804
787572.1
1007465
347322
770822.4
612066.8
323731.1
439150.3
532826.4
360430.9
634198.4
429744.8
341303.4
508049.9
313038.5
574372.4
989625.8
702662.5
460876
303961.7
470381.9
542140.2
378907.3
1219837
611074.6
638495.2
466542.4
318283.4
247902.6
187348.3
154304.7
141827.3
181142.6
180522.8
184126.3
161572.2
132155.6
112730.3
100510.4
92532.52
87387.36
86179.61
167462.9
149265.7
127221.5
115229.9
97985.4
97099.95
203209.9
939248.9
556663.2
331638.8
217492.3
156068
120527.5
98799.47
84848.12
89693.9
82146.45
74383.49
73178.08
76119.46
74806.94
68095.35
62141.83
57526.46
53944.23
51089.65
48719.88
47354.62
48637.39
49014.14
47096.52
681562.2
445142.8
243083.4
145815.1
98011.62
72971.21
58864.03
50325.02
44909.09
288825.2
236729.5
152298.4
102060.2
74081.38
57953.47
55961.95
49003.41
42265.2
37684.22
34653.55
32711.47
31378.45
30498.26
30613.1
30194
29606.91
29043.3
28609.66
28270.37
28017.77
27823.69
27686.29
27560.03
27459.49
27385.16
27945.46
30714.18
36263.29
50112.23
44543.32
36060.77
33908.35
30846.55
29809.98
28983.93
28020.46
27496.96
27270.4
27235.42
27298.16
27391.24
2.75E+04
2.76E+04
2.78E+04
2.78E+04
2.79E+04
2.81E+04
2.82E+04
2.83E+04
2.85E+04
2.86E+04
2.88E+04
2.89E+04
2.91E+04
2.92E+04
2.94E+04
2.96E+04
2.98E+04
2.99E+04
3.00E+04
2.79E+04
2.76E+04
2.79E+04
2.84E+04
2.90E+04
2.88E+04
2.90E+04
2.94E+04
2.99E+04
3.04E+04
3.10E+04
3.14E+04
3.17E+04
3.21E+04
3.23E+04
3.26E+04
2.96E+04
2.89E+04
2.94E+04
3.03E+04
3.12E+04
3.20E+04
3.27E+04
3.33E+04
3.38E+04
3.42E+04
3.29E+04
2.78E+04
2.77E+04
5.92E+03
5.64E+03
5.39E+03
5.14E+03
5.14E+03
5.33E+03
5.55E+03
6.10E+03
6.66E+03
9088.700195
12427
1.49E+04
1.56E+04
1.60E+04
1.75E+04
2.01E+04
2.33E+04
31260
36078
33785
32743
32490
39303
37151
31393
2.81E+04
2.94E+04
2.90E+04
2.65E+04
2.42E+04
3.35E+04
5.74E+04
7.47E+04
7.26E+04
8.63E+04
1.08E+05
149910
231500
261360
210250
204180
199850
190100
169460
194910
238630
231200
226280
226660
287550
255760
184580
143630
128400
105910
87775
8.29E+04
6.38E+04
47319
47920
57605
52780
46630
48031
54282
53609
56944
63896
57610
57277
96546
163210
222990
255110
2.72E+05
336480
374210
291090
272690
285800
340110
430180
726910
960880
797060
576570
518870
546070
349050
202400
108760
97782
85781
76144
71672
148380
301560
313480
325790
481750
612320
586000
673490
734420
1063200
1333000
937850
1291400
1649000
1249600
931930
778680
902750
872280
771310
942060
677090
540180
671400
902910
589490
424790
448180
505380
534290
530610
518130
546380
706140
737780
663200
707190
1002000
1191700
1230800
1457500
1042100
614510
379810
250030
198050
229610
288900
330650
383250
486900
758110
641580
584070
613350
807410
839070
852090
969150
997390
798030
1210800
1551300
2285500
2681900
2481400
2321300
2562700
3054700
2294000
1791000
1755900
2364600
3202600
3266100
3513900
4091600
3993500
3557500
4013100
3559500
2878100
2370100
2631000
3352700
3089700
2760300
2696900
2590200
3067700
4108000
4229000
3944700
4092200
4021500
3144100
2914200
2521800
2033800
1892200
1731300
1652100
1579600
1328100
1202300
1130900
1065300
983270
807840
814410
792470
683240
646120
642940
879710
640470
555340
489500
481850
456870
428640
433810
410700
364740
348510
388960
411820
453810
520310
629240
659100
673140
632350
627590
991690
715880
545710
449890
378200
385500
339770
259720
236790
238820
263270
235640
295220
265630
187430
147530
123390
112410
152930
211700
287970
348850
360280
294650
234590
190680
144270
97202
85001
87667
92169
115890
117310
130040
154710
182350
206840
264300
246530
183700
140820
110630
83487
65192
52146
52203
54432
50973
48005
45316
54209
71896
60272
44790
35272
27392
21692
17314
13468
12083
11457
11008
10551
10366
14557
20210
25754
34838
45904
37232
29288
23148
15866
10097
5594.700195
6178
8171.200195
10782
13945
16527
18249
21876
32947
31608
24848
20223
16814
14134
1.15E+04
9.37E+03
8.94E+03
7.23E+03
4.09E+03
2.09E+03
1.89E+03
1.87E+03
1.91E+03
1.94E+03
1.96E+03
2.04E+03
2.10E+03
2.16E+03
2.24E+03
2.35E+03
2.99E+03
2.79E+03
2.47E+03
2.20E+03
1.95E+03
1.76E+03
1.61E+03
1.52E+03
1.29E+03
1.09E+03
9.78E+02
1.04E+03
1.12E+03
1.23E+03
1.41E+03
1.69E+03
1654.199951
1675.300049
1659
1753.400024
1990.599976
1994
2.03E+03
2.10E+03
2.19E+03
2.48E+03
3.70E+03
4.83E+03
3.64E+03
3.08E+03
2.77E+03
2.60E+03
2.54E+03
2.78E+03
3.15E+03
3.54E+03
4.26E+03
4.72E+03
4.85E+03
5.00E+03
5.36E+03
7.19E+03
1.04E+04
1.17E+04
1.48E+04
1.83E+04
23584
26859
27662
2.90E+04
3.39E+04
3.97E+04
4.26E+04
5.22E+04
4.94E+04
4.56E+04
4.80E+04
53540
71384
84997
63884
55948
57204
54031
4.61E+04
4.36E+04
4.15E+04
5.84E+04
6.24E+04
3.79E+04
2.57E+04
2.22E+04
25471
36444
56326
50885
45328
47013
55668
66461
81374
7.63E+04
6.38E+04
6.22E+04
6.42E+04
78653
90413
88214
67415
59864
56973
55676
51799
50226
63773
85573
103410
107700
122970
223200
250230
233270
2.17E+05
2.07E+05
223780
241460
248320
265840
231790
211040
216310
204730
197330
234400
279800
218730
180250
207480
256430
224480
159830
124510
166920
154770
175720
250240
363050
552240
567640
652310
962170
932220
792350
818050
877520
1261100
1824400
1574000
1303600
1224200
1180200
1155900
892060
821290
1417300
2070800
1597400
846200
898090
990600
1181100
1657800
2365200
2655100
2065500
1465600
1179200
995400
758070
911170
686930
571350
509800
478780
512890
608410
573830
588110
610510
594010
663790
785680
849590
902710
1282100
1555300
1478900
1161200
900410
739130
726350
693630
647500
495550
450420
422250
467440
539400
625930
860450
1126000
1176500
1487700
2097200
1911100
1948600
2871200
3453000
3483400
2880900
2923200
2279600
1906500
2198100
2545700
2100400
1801400
2126500
1868600
1391700
1304000
1796000
1979500
2019400
1652900
1522400
1493700
1569800
1539500
1529700
2183200
2674900
2113200
1905500
1842600
1571100
1445900
1207200
1347400
1770200
2672800
2430200
2372900
2367400
1450600
1175800
903780
874360
763200
1083200
1446700
971740
727070
619380
510560
477620
632880
485230
480690
463790
494020
551930
534660
623940
515910
397950
335970
298160
330890
307460
307960
364130
399200
344210
273760
214350
160840
114130
81696
83196
87883
92716
97903
103100
109700
106380
95436
83829
82911
86635
69405
53882
45380
36742
34136
37152
53652
50332
41936
35961
33748
37964
42691
35409
32483
30521
28607
31298
43853
41181
31372
27475
24345
23165
25213
41609
58238
78058
107330
157790
122320
118240
81747
46866
21146
14986
15098
17577
18720
19878
22541
25011
28809
47681
49937
40276
33255
28076
22942
20467
2.42E+04
3.26E+04
3.76E+04
4.43E+04
58850
72048
52970
48257
40023
34517
27709
21755
15472
8399.700195
4241.600098
4217.899902
3928.100098
3.75E+03
4.08E+03
5.86E+03
5.78E+03
5.18E+03
5.20E+03
4.65E+03
4.33E+03
4.03E+03
3.83E+03
3.69E+03
3.87E+03
4.01E+03
4.45E+03
4.54E+03
3.52E+03
3.08E+03
2.81E+03
2.60E+03
2.48E+03
2.67E+03
2.88E+03
3.20E+03
3.46E+03
3.61E+03
3.88E+03
4.26E+03
4.37E+03
4.82E+03
6.84E+03
8.30E+03
6.48E+03
5.46E+03
5.51E+03
6.73E+03
6.27E+03
5.93E+03
5.58E+03
5.45E+03
5.20E+03
4.96E+03
4.78E+03
5200.200195
8769.700195
15706
13906
9351.400391
8312.700195
8.68E+03
7.09E+03
5.60E+03
4.87E+03
4.23E+03
3.74E+03
3.37E+03
3.01E+03
2.69E+03
2.35E+03
2.06E+03
2.08E+03
2.38E+03
3.05E+03
3.41E+03
3.82E+03
4.69E+03
5.67E+03
6.44E+03
6710.5
8364.900391
1.02E+04
9296.700195
7768.399902
6613.399902
6406.899902
8164.200195
7.34E+03
5.36E+03
4.18E+03
3.47E+03
3.03E+03
2743.300049
4566
8501.799805
10576
14582
24834
30181
32449
34902
38420
57377
76527
101190
210190
255220
308170
330560
385340
448730
499370
468990
358060
404980
445270
791220
724440
533500
601820
954890
787580
773780
685790
638090
973130
755020
515260
415170
316300
2.32E+05
153760
116120
116160
127380
232140
338620
285270
220700
217310
284230
281730
265130
386820
489090
515190
387900
268140
198330
170800
170810
136440
105940
102680
114290
137510
288480
400310
385950
331760
370140
360120
473140
584760
560540
534470
603980
721300
681130
607730
765310
703930
942460
1241100
934360
738300
782900
1137600
938660
836620
771040
782370
776860
761550
836190
1233700
1370500
1051000
1684300
2708000
2007200
2142400
1909400
1977500
2224900
2807700
2382100
2135900
1943700
1996100
2707700
2469900
2333400
2257700
2032800
1941300
1925400
1944300
1603100
1451000
2082300
1664000
1138900
1374000
1320800
1140600
1206900
1560700
1476100
2549600
2991900
2177700
1936500
2090900
2123400
2952900
2772400
2012700
2286200
2535000
2779400
2049800
1749200
1547800
1390700
1857500
1959200
2098900
1679900
1543400
1360500
1086000
919490
958590
889630
801750
940180
1092400
1135600
984560
1291300
2038300
1649100
1381700
1316500
1669800
1625300
1516100
1539600
1650400
1607400
2001900
2212800
1823000
1593000
1698200
1324100
1116500
1001000
1079200
1086400
902960
782530
756180
1153800
818900
689580
606840
631090
647650
505520
432040
382290
400370
385940
373890
311670
350990
394040
255990
197400
159300
135890
116840
122050
137820
126230
123660
142950
167400
222730
179690
173010
235440
201540
166260
176070
212660
175870
142010
162750
201710
167820
175930
189200
150120
125950
107620
94378
84371
91178
87969
73500
76557
69949
74588
75001
84434
71997
58377
46513
40338
36022
31739
28339
25907
25638
23441
22061
20218
20766
20182
18360
17442
17437
21561
20660
18983
19204
20454
19951
18011
16350
14072
11510
10187
8978.200195
8117.600098
7347
6750.200195
6326.200195
6165.200195
6004.399902
8637.5
8177.5
5853.799805
